14 33 24
14 33 0
8 16 4
15 17 13
9 3 7
16 0 4
10 22 2
22 2 10
12 24 12
1 21 10
21 5 8
0 23 4
20 9 13
6 15 15
17 20 8
6 55 9
3 18 9
18 19 14
19 8 6
24 1 8
14 13 7
7 14 3
11 12 6
23 10 10
2 7 1
4 11 1
13 4 14
30 58 7
41 39 4
54 26 8
26 50 4
50 38 12
39 53 8
49 47 11
33 47 7
45 59 2
55 49 11
25 52 8
58 27 14
28 37 15
40 29 7
47 58 14
48 49 5
27 46 3
46 31 7
31 54 10
53 32 13
36 45 10
35 30 4
30 31 10
25 32 5
32 33 1
52 34 13
29 53 1
42 56 1
57 25 14
38 40 10
44 34 6
47 55 1
34 57 5
51 48 7
43 28 2
25 42 11
37 58 6
59 52 2
56 51 12
58 45 10
49 54 4
55 36 7
53 38 7
47 44 6
50 25 15
40 39 2
46 41 12
39 44 14
48 35 15
44 35 2
30 49 9
36 27 4
