0 47 24
0 47 0
0 1 1
0 6 2
1 2 1
1 7 5
2 3 4
2 8 6
3 4 10
3 9 1
4 5 10
4 10 2
5 11 5
6 7 2
6 12 6
7 8 8
7 13 9
8 9 5
8 14 4
9 10 8
9 15 6
10 11 9
10 16 3
11 17 2
12 13 2
12 18 9
13 14 4
13 19 9
14 15 10
14 20 10
15 16 4
15 21 9
16 17 1
16 22 2
17 23 1
18 19 1
18 24 6
19 20 3
19 25 9
20 21 3
20 26 6
21 22 4
21 27 2
22 23 7
22 28 4
23 29 2
24 25 2
24 30 1
25 26 7
25 31 10
26 27 8
26 32 9
27 28 8
27 33 1
28 29 10
28 34 7
29 35 1
30 31 6
30 36 6
31 32 2
31 37 5
32 33 6
32 38 8
33 34 8
33 39 9
34 35 4
34 40 4
35 41 3
36 37 2
36 42 4
37 38 4
37 43 8
38 39 2
38 44 2
39 40 8
39 45 1
40 41 9
40 46 6
41 47 9
42 43 5
43 44 4
44 45 10
45 46 9
46 47 5
